{
 "cells": [
  {
   "cell_type": "code",
   "execution_count": 1,
   "id": "45e4ac1f",
   "metadata": {},
   "outputs": [],
   "source": [
    "import pandas as pd\n",
    "import numpy as np\n",
    "import matplotlib.pyplot as plt\n",
    "import seaborn as sns"
   ]
  },
  {
   "cell_type": "code",
   "execution_count": 2,
   "id": "02a8eb90",
   "metadata": {},
   "outputs": [],
   "source": [
    "df = pd.read_csv(\"../../data/interim/data_cleaned.csv\", parse_dates=[\"date\"])"
   ]
  },
  {
   "cell_type": "code",
   "execution_count": 3,
   "id": "495d4626",
   "metadata": {},
   "outputs": [],
   "source": [
    "pd.set_option('display.max_columns', None)\n",
    "pd.set_option('display.max_rows', None)"
   ]
  },
  {
   "cell_type": "code",
   "execution_count": 4,
   "id": "bfb531af",
   "metadata": {},
   "outputs": [],
   "source": [
    "df[\"year\"] = df[\"date\"].dt.year\n",
    "df[\"month\"] = df[\"date\"].dt.month\n",
    "df[\"day\"] = df[\"date\"].dt.day"
   ]
  },
  {
   "cell_type": "code",
   "execution_count": 5,
   "id": "53785ea2",
   "metadata": {},
   "outputs": [],
   "source": [
    "df[\"age_at_sale\"] = df[\"year\"] - df[\"yr_built\"]\n",
    "df[\"was_renovated\"] = df[\"yr_renovated\"].apply(lambda x: 1 if x > 0 else 0)\n",
    "df[\"years_since_renovation\"] = df.apply(lambda x: x[\"year\"] - x[\"yr_renovated\"] if x[\"yr_renovated\"] > 0 else 0 , axis=1)\n",
    "df[\"total_sqft\"] = df[\"sqft_living\"] + df[\"sqft_basement\"]"
   ]
  },
  {
   "cell_type": "code",
   "execution_count": null,
   "id": "b12a909c",
   "metadata": {},
   "outputs": [],
   "source": [
    "cols_to_drop = [\n",
    "    'date',          \n",
    "    'year',          \n",
    "    'street',        \n",
    "    'statezip',      \n",
    "    'country',       \n",
    "    'yr_built',     \n",
    "    'yr_renovated',   \n",
    "]\n",
    "df.drop(columns=cols_to_drop, inplace=True)"
   ]
  },
  {
   "cell_type": "code",
   "execution_count": 8,
   "id": "47cc005d",
   "metadata": {},
   "outputs": [
    {
     "data": {
      "text/html": [
       "<div>\n",
       "<style scoped>\n",
       "    .dataframe tbody tr th:only-of-type {\n",
       "        vertical-align: middle;\n",
       "    }\n",
       "\n",
       "    .dataframe tbody tr th {\n",
       "        vertical-align: top;\n",
       "    }\n",
       "\n",
       "    .dataframe thead th {\n",
       "        text-align: right;\n",
       "    }\n",
       "</style>\n",
       "<table border=\"1\" class=\"dataframe\">\n",
       "  <thead>\n",
       "    <tr style=\"text-align: right;\">\n",
       "      <th></th>\n",
       "      <th>price</th>\n",
       "      <th>bedrooms</th>\n",
       "      <th>bathrooms</th>\n",
       "      <th>sqft_living</th>\n",
       "      <th>sqft_lot</th>\n",
       "      <th>floors</th>\n",
       "      <th>waterfront</th>\n",
       "      <th>view</th>\n",
       "      <th>condition</th>\n",
       "      <th>sqft_above</th>\n",
       "      <th>sqft_basement</th>\n",
       "      <th>month</th>\n",
       "      <th>day</th>\n",
       "      <th>age_at_sale</th>\n",
       "      <th>was_renovated</th>\n",
       "      <th>years_since_renovation</th>\n",
       "      <th>total_sqft</th>\n",
       "      <th>is_Seattle</th>\n",
       "      <th>is_Renton</th>\n",
       "      <th>is_Bellevue</th>\n",
       "      <th>is_Redmond</th>\n",
       "      <th>is_Kirkland</th>\n",
       "    </tr>\n",
       "  </thead>\n",
       "  <tbody>\n",
       "    <tr>\n",
       "      <th>price</th>\n",
       "      <td>1.000000</td>\n",
       "      <td>0.358617</td>\n",
       "      <td>0.507332</td>\n",
       "      <td>0.697006</td>\n",
       "      <td>0.169688</td>\n",
       "      <td>0.260592</td>\n",
       "      <td>0.133020</td>\n",
       "      <td>0.347041</td>\n",
       "      <td>0.059411</td>\n",
       "      <td>0.599430</td>\n",
       "      <td>0.307030</td>\n",
       "      <td>0.036914</td>\n",
       "      <td>-0.027759</td>\n",
       "      <td>-0.038330</td>\n",
       "      <td>-0.061245</td>\n",
       "      <td>-0.003632</td>\n",
       "      <td>0.654484</td>\n",
       "      <td>0.078908</td>\n",
       "      <td>-0.146258</td>\n",
       "      <td>0.240762</td>\n",
       "      <td>0.119902</td>\n",
       "      <td>0.077003</td>\n",
       "    </tr>\n",
       "    <tr>\n",
       "      <th>bedrooms</th>\n",
       "      <td>0.358617</td>\n",
       "      <td>1.000000</td>\n",
       "      <td>0.490281</td>\n",
       "      <td>0.613353</td>\n",
       "      <td>0.212974</td>\n",
       "      <td>0.154921</td>\n",
       "      <td>-0.002074</td>\n",
       "      <td>0.119067</td>\n",
       "      <td>0.023355</td>\n",
       "      <td>0.492815</td>\n",
       "      <td>0.334077</td>\n",
       "      <td>0.015441</td>\n",
       "      <td>-0.009855</td>\n",
       "      <td>-0.138813</td>\n",
       "      <td>-0.059258</td>\n",
       "      <td>-0.017868</td>\n",
       "      <td>0.602095</td>\n",
       "      <td>-0.181072</td>\n",
       "      <td>0.020973</td>\n",
       "      <td>0.114249</td>\n",
       "      <td>0.008703</td>\n",
       "      <td>0.031861</td>\n",
       "    </tr>\n",
       "    <tr>\n",
       "      <th>bathrooms</th>\n",
       "      <td>0.507332</td>\n",
       "      <td>0.490281</td>\n",
       "      <td>1.000000</td>\n",
       "      <td>0.687899</td>\n",
       "      <td>0.135045</td>\n",
       "      <td>0.468678</td>\n",
       "      <td>0.064138</td>\n",
       "      <td>0.202365</td>\n",
       "      <td>-0.119626</td>\n",
       "      <td>0.631417</td>\n",
       "      <td>0.265901</td>\n",
       "      <td>0.017870</td>\n",
       "      <td>-0.010815</td>\n",
       "      <td>-0.393589</td>\n",
       "      <td>-0.186411</td>\n",
       "      <td>-0.053929</td>\n",
       "      <td>0.630736</td>\n",
       "      <td>-0.130892</td>\n",
       "      <td>-0.018324</td>\n",
       "      <td>0.076863</td>\n",
       "      <td>0.051491</td>\n",
       "      <td>0.027399</td>\n",
       "    </tr>\n",
       "    <tr>\n",
       "      <th>sqft_living</th>\n",
       "      <td>0.697006</td>\n",
       "      <td>0.613353</td>\n",
       "      <td>0.687899</td>\n",
       "      <td>1.000000</td>\n",
       "      <td>0.371763</td>\n",
       "      <td>0.347596</td>\n",
       "      <td>0.081319</td>\n",
       "      <td>0.288404</td>\n",
       "      <td>-0.061057</td>\n",
       "      <td>0.867303</td>\n",
       "      <td>0.413437</td>\n",
       "      <td>0.038417</td>\n",
       "      <td>-0.010162</td>\n",
       "      <td>-0.299455</td>\n",
       "      <td>-0.131363</td>\n",
       "      <td>-0.038114</td>\n",
       "      <td>0.927913</td>\n",
       "      <td>-0.246123</td>\n",
       "      <td>-0.005676</td>\n",
       "      <td>0.145214</td>\n",
       "      <td>0.085690</td>\n",
       "      <td>0.033285</td>\n",
       "    </tr>\n",
       "    <tr>\n",
       "      <th>sqft_lot</th>\n",
       "      <td>0.169688</td>\n",
       "      <td>0.212974</td>\n",
       "      <td>0.135045</td>\n",
       "      <td>0.371763</td>\n",
       "      <td>1.000000</td>\n",
       "      <td>-0.141022</td>\n",
       "      <td>0.102010</td>\n",
       "      <td>0.128479</td>\n",
       "      <td>0.042635</td>\n",
       "      <td>0.353170</td>\n",
       "      <td>0.103334</td>\n",
       "      <td>0.007713</td>\n",
       "      <td>0.003313</td>\n",
       "      <td>-0.062851</td>\n",
       "      <td>0.020089</td>\n",
       "      <td>-0.071270</td>\n",
       "      <td>0.324342</td>\n",
       "      <td>-0.499758</td>\n",
       "      <td>0.010816</td>\n",
       "      <td>0.130797</td>\n",
       "      <td>0.105151</td>\n",
       "      <td>0.013900</td>\n",
       "    </tr>\n",
       "    <tr>\n",
       "      <th>floors</th>\n",
       "      <td>0.260592</td>\n",
       "      <td>0.154921</td>\n",
       "      <td>0.468678</td>\n",
       "      <td>0.347596</td>\n",
       "      <td>-0.141022</td>\n",
       "      <td>1.000000</td>\n",
       "      <td>0.013289</td>\n",
       "      <td>0.022025</td>\n",
       "      <td>-0.305550</td>\n",
       "      <td>0.530227</td>\n",
       "      <td>-0.254377</td>\n",
       "      <td>0.038187</td>\n",
       "      <td>-0.020784</td>\n",
       "      <td>-0.560643</td>\n",
       "      <td>-0.248438</td>\n",
       "      <td>-0.051504</td>\n",
       "      <td>0.159552</td>\n",
       "      <td>-0.038578</td>\n",
       "      <td>-0.001536</td>\n",
       "      <td>-0.040330</td>\n",
       "      <td>0.038453</td>\n",
       "      <td>-0.012201</td>\n",
       "    </tr>\n",
       "    <tr>\n",
       "      <th>waterfront</th>\n",
       "      <td>0.133020</td>\n",
       "      <td>-0.002074</td>\n",
       "      <td>0.064138</td>\n",
       "      <td>0.081319</td>\n",
       "      <td>0.102010</td>\n",
       "      <td>0.013289</td>\n",
       "      <td>1.000000</td>\n",
       "      <td>0.341341</td>\n",
       "      <td>0.004014</td>\n",
       "      <td>0.063688</td>\n",
       "      <td>0.092125</td>\n",
       "      <td>0.000105</td>\n",
       "      <td>0.015609</td>\n",
       "      <td>0.029747</td>\n",
       "      <td>0.018404</td>\n",
       "      <td>0.002864</td>\n",
       "      <td>0.099410</td>\n",
       "      <td>-0.034620</td>\n",
       "      <td>-0.021021</td>\n",
       "      <td>0.002317</td>\n",
       "      <td>0.006286</td>\n",
       "      <td>-0.002735</td>\n",
       "    </tr>\n",
       "    <tr>\n",
       "      <th>view</th>\n",
       "      <td>0.347041</td>\n",
       "      <td>0.119067</td>\n",
       "      <td>0.202365</td>\n",
       "      <td>0.288404</td>\n",
       "      <td>0.128479</td>\n",
       "      <td>0.022025</td>\n",
       "      <td>0.341341</td>\n",
       "      <td>1.000000</td>\n",
       "      <td>0.061267</td>\n",
       "      <td>0.166274</td>\n",
       "      <td>0.319082</td>\n",
       "      <td>-0.014433</td>\n",
       "      <td>0.040868</td>\n",
       "      <td>0.065548</td>\n",
       "      <td>0.025921</td>\n",
       "      <td>0.008979</td>\n",
       "      <td>0.349436</td>\n",
       "      <td>0.054029</td>\n",
       "      <td>-0.037786</td>\n",
       "      <td>0.055433</td>\n",
       "      <td>-0.054478</td>\n",
       "      <td>-0.018501</td>\n",
       "    </tr>\n",
       "    <tr>\n",
       "      <th>condition</th>\n",
       "      <td>0.059411</td>\n",
       "      <td>0.023355</td>\n",
       "      <td>-0.119626</td>\n",
       "      <td>-0.061057</td>\n",
       "      <td>0.042635</td>\n",
       "      <td>-0.305550</td>\n",
       "      <td>0.004014</td>\n",
       "      <td>0.061267</td>\n",
       "      <td>1.000000</td>\n",
       "      <td>-0.181055</td>\n",
       "      <td>0.197667</td>\n",
       "      <td>0.018664</td>\n",
       "      <td>-0.023179</td>\n",
       "      <td>0.399838</td>\n",
       "      <td>-0.182993</td>\n",
       "      <td>-0.018081</td>\n",
       "      <td>0.034610</td>\n",
       "      <td>0.074907</td>\n",
       "      <td>-0.004895</td>\n",
       "      <td>0.058098</td>\n",
       "      <td>-0.072557</td>\n",
       "      <td>0.013212</td>\n",
       "    </tr>\n",
       "    <tr>\n",
       "      <th>sqft_above</th>\n",
       "      <td>0.599430</td>\n",
       "      <td>0.492815</td>\n",
       "      <td>0.631417</td>\n",
       "      <td>0.867303</td>\n",
       "      <td>0.353170</td>\n",
       "      <td>0.530227</td>\n",
       "      <td>0.063688</td>\n",
       "      <td>0.166274</td>\n",
       "      <td>-0.181055</td>\n",
       "      <td>1.000000</td>\n",
       "      <td>-0.065658</td>\n",
       "      <td>0.043874</td>\n",
       "      <td>-0.008088</td>\n",
       "      <td>-0.421022</td>\n",
       "      <td>-0.168645</td>\n",
       "      <td>-0.039751</td>\n",
       "      <td>0.631090</td>\n",
       "      <td>-0.339317</td>\n",
       "      <td>0.019867</td>\n",
       "      <td>0.092834</td>\n",
       "      <td>0.123610</td>\n",
       "      <td>0.035972</td>\n",
       "    </tr>\n",
       "    <tr>\n",
       "      <th>sqft_basement</th>\n",
       "      <td>0.307030</td>\n",
       "      <td>0.334077</td>\n",
       "      <td>0.265901</td>\n",
       "      <td>0.413437</td>\n",
       "      <td>0.103334</td>\n",
       "      <td>-0.254377</td>\n",
       "      <td>0.092125</td>\n",
       "      <td>0.319082</td>\n",
       "      <td>0.197667</td>\n",
       "      <td>-0.065658</td>\n",
       "      <td>1.000000</td>\n",
       "      <td>-0.007878</td>\n",
       "      <td>-0.005584</td>\n",
       "      <td>0.164534</td>\n",
       "      <td>0.047100</td>\n",
       "      <td>-0.005924</td>\n",
       "      <td>0.723077</td>\n",
       "      <td>0.123702</td>\n",
       "      <td>-0.048515</td>\n",
       "      <td>0.116599</td>\n",
       "      <td>-0.054126</td>\n",
       "      <td>-0.003111</td>\n",
       "    </tr>\n",
       "    <tr>\n",
       "      <th>month</th>\n",
       "      <td>0.036914</td>\n",
       "      <td>0.015441</td>\n",
       "      <td>0.017870</td>\n",
       "      <td>0.038417</td>\n",
       "      <td>0.007713</td>\n",
       "      <td>0.038187</td>\n",
       "      <td>0.000105</td>\n",
       "      <td>-0.014433</td>\n",
       "      <td>0.018664</td>\n",
       "      <td>0.043874</td>\n",
       "      <td>-0.007878</td>\n",
       "      <td>1.000000</td>\n",
       "      <td>-0.349514</td>\n",
       "      <td>-0.010269</td>\n",
       "      <td>-0.024744</td>\n",
       "      <td>-0.015328</td>\n",
       "      <td>0.025919</td>\n",
       "      <td>-0.019530</td>\n",
       "      <td>-0.005916</td>\n",
       "      <td>0.008130</td>\n",
       "      <td>0.002467</td>\n",
       "      <td>-0.002747</td>\n",
       "    </tr>\n",
       "    <tr>\n",
       "      <th>day</th>\n",
       "      <td>-0.027759</td>\n",
       "      <td>-0.009855</td>\n",
       "      <td>-0.010815</td>\n",
       "      <td>-0.010162</td>\n",
       "      <td>0.003313</td>\n",
       "      <td>-0.020784</td>\n",
       "      <td>0.015609</td>\n",
       "      <td>0.040868</td>\n",
       "      <td>-0.023179</td>\n",
       "      <td>-0.008088</td>\n",
       "      <td>-0.005584</td>\n",
       "      <td>-0.349514</td>\n",
       "      <td>1.000000</td>\n",
       "      <td>0.017637</td>\n",
       "      <td>0.016858</td>\n",
       "      <td>0.013724</td>\n",
       "      <td>-0.009996</td>\n",
       "      <td>0.006411</td>\n",
       "      <td>0.009011</td>\n",
       "      <td>-0.016140</td>\n",
       "      <td>-0.003655</td>\n",
       "      <td>-0.003003</td>\n",
       "    </tr>\n",
       "    <tr>\n",
       "      <th>age_at_sale</th>\n",
       "      <td>-0.038330</td>\n",
       "      <td>-0.138813</td>\n",
       "      <td>-0.393589</td>\n",
       "      <td>-0.299455</td>\n",
       "      <td>-0.062851</td>\n",
       "      <td>-0.560643</td>\n",
       "      <td>0.029747</td>\n",
       "      <td>0.065548</td>\n",
       "      <td>0.399838</td>\n",
       "      <td>-0.421022</td>\n",
       "      <td>0.164534</td>\n",
       "      <td>-0.010269</td>\n",
       "      <td>0.017637</td>\n",
       "      <td>1.000000</td>\n",
       "      <td>0.322249</td>\n",
       "      <td>0.117077</td>\n",
       "      <td>-0.159814</td>\n",
       "      <td>0.447296</td>\n",
       "      <td>-0.090497</td>\n",
       "      <td>-0.023424</td>\n",
       "      <td>-0.146180</td>\n",
       "      <td>-0.059368</td>\n",
       "    </tr>\n",
       "    <tr>\n",
       "      <th>was_renovated</th>\n",
       "      <td>-0.061245</td>\n",
       "      <td>-0.059258</td>\n",
       "      <td>-0.186411</td>\n",
       "      <td>-0.131363</td>\n",
       "      <td>0.020089</td>\n",
       "      <td>-0.248438</td>\n",
       "      <td>0.018404</td>\n",
       "      <td>0.025921</td>\n",
       "      <td>-0.182993</td>\n",
       "      <td>-0.168645</td>\n",
       "      <td>0.047100</td>\n",
       "      <td>-0.024744</td>\n",
       "      <td>0.016858</td>\n",
       "      <td>0.322249</td>\n",
       "      <td>1.000000</td>\n",
       "      <td>0.577060</td>\n",
       "      <td>-0.080373</td>\n",
       "      <td>0.135959</td>\n",
       "      <td>-0.019736</td>\n",
       "      <td>0.002396</td>\n",
       "      <td>-0.068452</td>\n",
       "      <td>-0.030908</td>\n",
       "    </tr>\n",
       "    <tr>\n",
       "      <th>years_since_renovation</th>\n",
       "      <td>-0.003632</td>\n",
       "      <td>-0.017868</td>\n",
       "      <td>-0.053929</td>\n",
       "      <td>-0.038114</td>\n",
       "      <td>-0.071270</td>\n",
       "      <td>-0.051504</td>\n",
       "      <td>0.002864</td>\n",
       "      <td>0.008979</td>\n",
       "      <td>-0.018081</td>\n",
       "      <td>-0.039751</td>\n",
       "      <td>-0.005924</td>\n",
       "      <td>-0.015328</td>\n",
       "      <td>0.013724</td>\n",
       "      <td>0.117077</td>\n",
       "      <td>0.577060</td>\n",
       "      <td>1.000000</td>\n",
       "      <td>-0.031340</td>\n",
       "      <td>0.104040</td>\n",
       "      <td>0.007374</td>\n",
       "      <td>-0.011997</td>\n",
       "      <td>-0.045506</td>\n",
       "      <td>-0.038612</td>\n",
       "    </tr>\n",
       "    <tr>\n",
       "      <th>total_sqft</th>\n",
       "      <td>0.654484</td>\n",
       "      <td>0.602095</td>\n",
       "      <td>0.630736</td>\n",
       "      <td>0.927913</td>\n",
       "      <td>0.324342</td>\n",
       "      <td>0.159552</td>\n",
       "      <td>0.099410</td>\n",
       "      <td>0.349436</td>\n",
       "      <td>0.034610</td>\n",
       "      <td>0.631090</td>\n",
       "      <td>0.723077</td>\n",
       "      <td>0.025919</td>\n",
       "      <td>-0.009996</td>\n",
       "      <td>-0.159814</td>\n",
       "      <td>-0.080373</td>\n",
       "      <td>-0.031340</td>\n",
       "      <td>1.000000</td>\n",
       "      <td>-0.136072</td>\n",
       "      <td>-0.024169</td>\n",
       "      <td>0.157904</td>\n",
       "      <td>0.042848</td>\n",
       "      <td>0.023977</td>\n",
       "    </tr>\n",
       "    <tr>\n",
       "      <th>is_Seattle</th>\n",
       "      <td>0.078908</td>\n",
       "      <td>-0.181072</td>\n",
       "      <td>-0.130892</td>\n",
       "      <td>-0.246123</td>\n",
       "      <td>-0.499758</td>\n",
       "      <td>-0.038578</td>\n",
       "      <td>-0.034620</td>\n",
       "      <td>0.054029</td>\n",
       "      <td>0.074907</td>\n",
       "      <td>-0.339317</td>\n",
       "      <td>0.123702</td>\n",
       "      <td>-0.019530</td>\n",
       "      <td>0.006411</td>\n",
       "      <td>0.447296</td>\n",
       "      <td>0.135959</td>\n",
       "      <td>0.104040</td>\n",
       "      <td>-0.136072</td>\n",
       "      <td>1.000000</td>\n",
       "      <td>-0.189131</td>\n",
       "      <td>-0.185634</td>\n",
       "      <td>-0.168471</td>\n",
       "      <td>-0.149788</td>\n",
       "    </tr>\n",
       "    <tr>\n",
       "      <th>is_Renton</th>\n",
       "      <td>-0.146258</td>\n",
       "      <td>0.020973</td>\n",
       "      <td>-0.018324</td>\n",
       "      <td>-0.005676</td>\n",
       "      <td>0.010816</td>\n",
       "      <td>-0.001536</td>\n",
       "      <td>-0.021021</td>\n",
       "      <td>-0.037786</td>\n",
       "      <td>-0.004895</td>\n",
       "      <td>0.019867</td>\n",
       "      <td>-0.048515</td>\n",
       "      <td>-0.005916</td>\n",
       "      <td>0.009011</td>\n",
       "      <td>-0.090497</td>\n",
       "      <td>-0.019736</td>\n",
       "      <td>0.007374</td>\n",
       "      <td>-0.024169</td>\n",
       "      <td>-0.189131</td>\n",
       "      <td>1.000000</td>\n",
       "      <td>-0.067347</td>\n",
       "      <td>-0.061121</td>\n",
       "      <td>-0.054342</td>\n",
       "    </tr>\n",
       "    <tr>\n",
       "      <th>is_Bellevue</th>\n",
       "      <td>0.240762</td>\n",
       "      <td>0.114249</td>\n",
       "      <td>0.076863</td>\n",
       "      <td>0.145214</td>\n",
       "      <td>0.130797</td>\n",
       "      <td>-0.040330</td>\n",
       "      <td>0.002317</td>\n",
       "      <td>0.055433</td>\n",
       "      <td>0.058098</td>\n",
       "      <td>0.092834</td>\n",
       "      <td>0.116599</td>\n",
       "      <td>0.008130</td>\n",
       "      <td>-0.016140</td>\n",
       "      <td>-0.023424</td>\n",
       "      <td>0.002396</td>\n",
       "      <td>-0.011997</td>\n",
       "      <td>0.157904</td>\n",
       "      <td>-0.185634</td>\n",
       "      <td>-0.067347</td>\n",
       "      <td>1.000000</td>\n",
       "      <td>-0.059990</td>\n",
       "      <td>-0.053338</td>\n",
       "    </tr>\n",
       "    <tr>\n",
       "      <th>is_Redmond</th>\n",
       "      <td>0.119902</td>\n",
       "      <td>0.008703</td>\n",
       "      <td>0.051491</td>\n",
       "      <td>0.085690</td>\n",
       "      <td>0.105151</td>\n",
       "      <td>0.038453</td>\n",
       "      <td>0.006286</td>\n",
       "      <td>-0.054478</td>\n",
       "      <td>-0.072557</td>\n",
       "      <td>0.123610</td>\n",
       "      <td>-0.054126</td>\n",
       "      <td>0.002467</td>\n",
       "      <td>-0.003655</td>\n",
       "      <td>-0.146180</td>\n",
       "      <td>-0.068452</td>\n",
       "      <td>-0.045506</td>\n",
       "      <td>0.042848</td>\n",
       "      <td>-0.168471</td>\n",
       "      <td>-0.061121</td>\n",
       "      <td>-0.059990</td>\n",
       "      <td>1.000000</td>\n",
       "      <td>-0.048406</td>\n",
       "    </tr>\n",
       "    <tr>\n",
       "      <th>is_Kirkland</th>\n",
       "      <td>0.077003</td>\n",
       "      <td>0.031861</td>\n",
       "      <td>0.027399</td>\n",
       "      <td>0.033285</td>\n",
       "      <td>0.013900</td>\n",
       "      <td>-0.012201</td>\n",
       "      <td>-0.002735</td>\n",
       "      <td>-0.018501</td>\n",
       "      <td>0.013212</td>\n",
       "      <td>0.035972</td>\n",
       "      <td>-0.003111</td>\n",
       "      <td>-0.002747</td>\n",
       "      <td>-0.003003</td>\n",
       "      <td>-0.059368</td>\n",
       "      <td>-0.030908</td>\n",
       "      <td>-0.038612</td>\n",
       "      <td>0.023977</td>\n",
       "      <td>-0.149788</td>\n",
       "      <td>-0.054342</td>\n",
       "      <td>-0.053338</td>\n",
       "      <td>-0.048406</td>\n",
       "      <td>1.000000</td>\n",
       "    </tr>\n",
       "  </tbody>\n",
       "</table>\n",
       "</div>"
      ],
      "text/plain": [
       "                           price  bedrooms  bathrooms  sqft_living  sqft_lot  \\\n",
       "price                   1.000000  0.358617   0.507332     0.697006  0.169688   \n",
       "bedrooms                0.358617  1.000000   0.490281     0.613353  0.212974   \n",
       "bathrooms               0.507332  0.490281   1.000000     0.687899  0.135045   \n",
       "sqft_living             0.697006  0.613353   0.687899     1.000000  0.371763   \n",
       "sqft_lot                0.169688  0.212974   0.135045     0.371763  1.000000   \n",
       "floors                  0.260592  0.154921   0.468678     0.347596 -0.141022   \n",
       "waterfront              0.133020 -0.002074   0.064138     0.081319  0.102010   \n",
       "view                    0.347041  0.119067   0.202365     0.288404  0.128479   \n",
       "condition               0.059411  0.023355  -0.119626    -0.061057  0.042635   \n",
       "sqft_above              0.599430  0.492815   0.631417     0.867303  0.353170   \n",
       "sqft_basement           0.307030  0.334077   0.265901     0.413437  0.103334   \n",
       "month                   0.036914  0.015441   0.017870     0.038417  0.007713   \n",
       "day                    -0.027759 -0.009855  -0.010815    -0.010162  0.003313   \n",
       "age_at_sale            -0.038330 -0.138813  -0.393589    -0.299455 -0.062851   \n",
       "was_renovated          -0.061245 -0.059258  -0.186411    -0.131363  0.020089   \n",
       "years_since_renovation -0.003632 -0.017868  -0.053929    -0.038114 -0.071270   \n",
       "total_sqft              0.654484  0.602095   0.630736     0.927913  0.324342   \n",
       "is_Seattle              0.078908 -0.181072  -0.130892    -0.246123 -0.499758   \n",
       "is_Renton              -0.146258  0.020973  -0.018324    -0.005676  0.010816   \n",
       "is_Bellevue             0.240762  0.114249   0.076863     0.145214  0.130797   \n",
       "is_Redmond              0.119902  0.008703   0.051491     0.085690  0.105151   \n",
       "is_Kirkland             0.077003  0.031861   0.027399     0.033285  0.013900   \n",
       "\n",
       "                          floors  waterfront      view  condition  sqft_above  \\\n",
       "price                   0.260592    0.133020  0.347041   0.059411    0.599430   \n",
       "bedrooms                0.154921   -0.002074  0.119067   0.023355    0.492815   \n",
       "bathrooms               0.468678    0.064138  0.202365  -0.119626    0.631417   \n",
       "sqft_living             0.347596    0.081319  0.288404  -0.061057    0.867303   \n",
       "sqft_lot               -0.141022    0.102010  0.128479   0.042635    0.353170   \n",
       "floors                  1.000000    0.013289  0.022025  -0.305550    0.530227   \n",
       "waterfront              0.013289    1.000000  0.341341   0.004014    0.063688   \n",
       "view                    0.022025    0.341341  1.000000   0.061267    0.166274   \n",
       "condition              -0.305550    0.004014  0.061267   1.000000   -0.181055   \n",
       "sqft_above              0.530227    0.063688  0.166274  -0.181055    1.000000   \n",
       "sqft_basement          -0.254377    0.092125  0.319082   0.197667   -0.065658   \n",
       "month                   0.038187    0.000105 -0.014433   0.018664    0.043874   \n",
       "day                    -0.020784    0.015609  0.040868  -0.023179   -0.008088   \n",
       "age_at_sale            -0.560643    0.029747  0.065548   0.399838   -0.421022   \n",
       "was_renovated          -0.248438    0.018404  0.025921  -0.182993   -0.168645   \n",
       "years_since_renovation -0.051504    0.002864  0.008979  -0.018081   -0.039751   \n",
       "total_sqft              0.159552    0.099410  0.349436   0.034610    0.631090   \n",
       "is_Seattle             -0.038578   -0.034620  0.054029   0.074907   -0.339317   \n",
       "is_Renton              -0.001536   -0.021021 -0.037786  -0.004895    0.019867   \n",
       "is_Bellevue            -0.040330    0.002317  0.055433   0.058098    0.092834   \n",
       "is_Redmond              0.038453    0.006286 -0.054478  -0.072557    0.123610   \n",
       "is_Kirkland            -0.012201   -0.002735 -0.018501   0.013212    0.035972   \n",
       "\n",
       "                        sqft_basement     month       day  age_at_sale  \\\n",
       "price                        0.307030  0.036914 -0.027759    -0.038330   \n",
       "bedrooms                     0.334077  0.015441 -0.009855    -0.138813   \n",
       "bathrooms                    0.265901  0.017870 -0.010815    -0.393589   \n",
       "sqft_living                  0.413437  0.038417 -0.010162    -0.299455   \n",
       "sqft_lot                     0.103334  0.007713  0.003313    -0.062851   \n",
       "floors                      -0.254377  0.038187 -0.020784    -0.560643   \n",
       "waterfront                   0.092125  0.000105  0.015609     0.029747   \n",
       "view                         0.319082 -0.014433  0.040868     0.065548   \n",
       "condition                    0.197667  0.018664 -0.023179     0.399838   \n",
       "sqft_above                  -0.065658  0.043874 -0.008088    -0.421022   \n",
       "sqft_basement                1.000000 -0.007878 -0.005584     0.164534   \n",
       "month                       -0.007878  1.000000 -0.349514    -0.010269   \n",
       "day                         -0.005584 -0.349514  1.000000     0.017637   \n",
       "age_at_sale                  0.164534 -0.010269  0.017637     1.000000   \n",
       "was_renovated                0.047100 -0.024744  0.016858     0.322249   \n",
       "years_since_renovation      -0.005924 -0.015328  0.013724     0.117077   \n",
       "total_sqft                   0.723077  0.025919 -0.009996    -0.159814   \n",
       "is_Seattle                   0.123702 -0.019530  0.006411     0.447296   \n",
       "is_Renton                   -0.048515 -0.005916  0.009011    -0.090497   \n",
       "is_Bellevue                  0.116599  0.008130 -0.016140    -0.023424   \n",
       "is_Redmond                  -0.054126  0.002467 -0.003655    -0.146180   \n",
       "is_Kirkland                 -0.003111 -0.002747 -0.003003    -0.059368   \n",
       "\n",
       "                        was_renovated  years_since_renovation  total_sqft  \\\n",
       "price                       -0.061245               -0.003632    0.654484   \n",
       "bedrooms                    -0.059258               -0.017868    0.602095   \n",
       "bathrooms                   -0.186411               -0.053929    0.630736   \n",
       "sqft_living                 -0.131363               -0.038114    0.927913   \n",
       "sqft_lot                     0.020089               -0.071270    0.324342   \n",
       "floors                      -0.248438               -0.051504    0.159552   \n",
       "waterfront                   0.018404                0.002864    0.099410   \n",
       "view                         0.025921                0.008979    0.349436   \n",
       "condition                   -0.182993               -0.018081    0.034610   \n",
       "sqft_above                  -0.168645               -0.039751    0.631090   \n",
       "sqft_basement                0.047100               -0.005924    0.723077   \n",
       "month                       -0.024744               -0.015328    0.025919   \n",
       "day                          0.016858                0.013724   -0.009996   \n",
       "age_at_sale                  0.322249                0.117077   -0.159814   \n",
       "was_renovated                1.000000                0.577060   -0.080373   \n",
       "years_since_renovation       0.577060                1.000000   -0.031340   \n",
       "total_sqft                  -0.080373               -0.031340    1.000000   \n",
       "is_Seattle                   0.135959                0.104040   -0.136072   \n",
       "is_Renton                   -0.019736                0.007374   -0.024169   \n",
       "is_Bellevue                  0.002396               -0.011997    0.157904   \n",
       "is_Redmond                  -0.068452               -0.045506    0.042848   \n",
       "is_Kirkland                 -0.030908               -0.038612    0.023977   \n",
       "\n",
       "                        is_Seattle  is_Renton  is_Bellevue  is_Redmond  \\\n",
       "price                     0.078908  -0.146258     0.240762    0.119902   \n",
       "bedrooms                 -0.181072   0.020973     0.114249    0.008703   \n",
       "bathrooms                -0.130892  -0.018324     0.076863    0.051491   \n",
       "sqft_living              -0.246123  -0.005676     0.145214    0.085690   \n",
       "sqft_lot                 -0.499758   0.010816     0.130797    0.105151   \n",
       "floors                   -0.038578  -0.001536    -0.040330    0.038453   \n",
       "waterfront               -0.034620  -0.021021     0.002317    0.006286   \n",
       "view                      0.054029  -0.037786     0.055433   -0.054478   \n",
       "condition                 0.074907  -0.004895     0.058098   -0.072557   \n",
       "sqft_above               -0.339317   0.019867     0.092834    0.123610   \n",
       "sqft_basement             0.123702  -0.048515     0.116599   -0.054126   \n",
       "month                    -0.019530  -0.005916     0.008130    0.002467   \n",
       "day                       0.006411   0.009011    -0.016140   -0.003655   \n",
       "age_at_sale               0.447296  -0.090497    -0.023424   -0.146180   \n",
       "was_renovated             0.135959  -0.019736     0.002396   -0.068452   \n",
       "years_since_renovation    0.104040   0.007374    -0.011997   -0.045506   \n",
       "total_sqft               -0.136072  -0.024169     0.157904    0.042848   \n",
       "is_Seattle                1.000000  -0.189131    -0.185634   -0.168471   \n",
       "is_Renton                -0.189131   1.000000    -0.067347   -0.061121   \n",
       "is_Bellevue              -0.185634  -0.067347     1.000000   -0.059990   \n",
       "is_Redmond               -0.168471  -0.061121    -0.059990    1.000000   \n",
       "is_Kirkland              -0.149788  -0.054342    -0.053338   -0.048406   \n",
       "\n",
       "                        is_Kirkland  \n",
       "price                      0.077003  \n",
       "bedrooms                   0.031861  \n",
       "bathrooms                  0.027399  \n",
       "sqft_living                0.033285  \n",
       "sqft_lot                   0.013900  \n",
       "floors                    -0.012201  \n",
       "waterfront                -0.002735  \n",
       "view                      -0.018501  \n",
       "condition                  0.013212  \n",
       "sqft_above                 0.035972  \n",
       "sqft_basement             -0.003111  \n",
       "month                     -0.002747  \n",
       "day                       -0.003003  \n",
       "age_at_sale               -0.059368  \n",
       "was_renovated             -0.030908  \n",
       "years_since_renovation    -0.038612  \n",
       "total_sqft                 0.023977  \n",
       "is_Seattle                -0.149788  \n",
       "is_Renton                 -0.054342  \n",
       "is_Bellevue               -0.053338  \n",
       "is_Redmond                -0.048406  \n",
       "is_Kirkland                1.000000  "
      ]
     },
     "execution_count": 8,
     "metadata": {},
     "output_type": "execute_result"
    }
   ],
   "source": [
    "df.corr(numeric_only=True)"
   ]
  },
  {
   "cell_type": "code",
   "execution_count": 9,
   "id": "d8b04057",
   "metadata": {},
   "outputs": [
    {
     "data": {
      "text/html": [
       "<div>\n",
       "<style scoped>\n",
       "    .dataframe tbody tr th:only-of-type {\n",
       "        vertical-align: middle;\n",
       "    }\n",
       "\n",
       "    .dataframe tbody tr th {\n",
       "        vertical-align: top;\n",
       "    }\n",
       "\n",
       "    .dataframe thead th {\n",
       "        text-align: right;\n",
       "    }\n",
       "</style>\n",
       "<table border=\"1\" class=\"dataframe\">\n",
       "  <thead>\n",
       "    <tr style=\"text-align: right;\">\n",
       "      <th></th>\n",
       "      <th>price</th>\n",
       "      <th>bedrooms</th>\n",
       "      <th>bathrooms</th>\n",
       "      <th>sqft_living</th>\n",
       "      <th>sqft_lot</th>\n",
       "      <th>floors</th>\n",
       "      <th>waterfront</th>\n",
       "      <th>view</th>\n",
       "      <th>condition</th>\n",
       "      <th>sqft_above</th>\n",
       "      <th>sqft_basement</th>\n",
       "      <th>month</th>\n",
       "      <th>day</th>\n",
       "      <th>age_at_sale</th>\n",
       "      <th>was_renovated</th>\n",
       "      <th>years_since_renovation</th>\n",
       "      <th>total_sqft</th>\n",
       "      <th>is_Seattle</th>\n",
       "      <th>is_Renton</th>\n",
       "      <th>is_Bellevue</th>\n",
       "      <th>is_Redmond</th>\n",
       "      <th>is_Kirkland</th>\n",
       "    </tr>\n",
       "  </thead>\n",
       "  <tbody>\n",
       "    <tr>\n",
       "      <th>0</th>\n",
       "      <td>313000</td>\n",
       "      <td>3</td>\n",
       "      <td>1</td>\n",
       "      <td>1340</td>\n",
       "      <td>7912.0</td>\n",
       "      <td>1</td>\n",
       "      <td>0</td>\n",
       "      <td>0</td>\n",
       "      <td>3</td>\n",
       "      <td>1340</td>\n",
       "      <td>0</td>\n",
       "      <td>5</td>\n",
       "      <td>2</td>\n",
       "      <td>59</td>\n",
       "      <td>1</td>\n",
       "      <td>9</td>\n",
       "      <td>1340</td>\n",
       "      <td>0</td>\n",
       "      <td>0</td>\n",
       "      <td>0</td>\n",
       "      <td>0</td>\n",
       "      <td>0</td>\n",
       "    </tr>\n",
       "    <tr>\n",
       "      <th>1</th>\n",
       "      <td>1155665</td>\n",
       "      <td>5</td>\n",
       "      <td>2</td>\n",
       "      <td>3650</td>\n",
       "      <td>9050.0</td>\n",
       "      <td>2</td>\n",
       "      <td>0</td>\n",
       "      <td>4</td>\n",
       "      <td>5</td>\n",
       "      <td>3370</td>\n",
       "      <td>280</td>\n",
       "      <td>5</td>\n",
       "      <td>2</td>\n",
       "      <td>93</td>\n",
       "      <td>0</td>\n",
       "      <td>0</td>\n",
       "      <td>3930</td>\n",
       "      <td>1</td>\n",
       "      <td>0</td>\n",
       "      <td>0</td>\n",
       "      <td>0</td>\n",
       "      <td>0</td>\n",
       "    </tr>\n",
       "  </tbody>\n",
       "</table>\n",
       "</div>"
      ],
      "text/plain": [
       "     price  bedrooms  bathrooms  sqft_living  sqft_lot  floors  waterfront  \\\n",
       "0   313000         3          1         1340    7912.0       1           0   \n",
       "1  1155665         5          2         3650    9050.0       2           0   \n",
       "\n",
       "   view  condition  sqft_above  sqft_basement  month  day  age_at_sale  \\\n",
       "0     0          3        1340              0      5    2           59   \n",
       "1     4          5        3370            280      5    2           93   \n",
       "\n",
       "   was_renovated  years_since_renovation  total_sqft  is_Seattle  is_Renton  \\\n",
       "0              1                       9        1340           0          0   \n",
       "1              0                       0        3930           1          0   \n",
       "\n",
       "   is_Bellevue  is_Redmond  is_Kirkland  \n",
       "0            0           0            0  \n",
       "1            0           0            0  "
      ]
     },
     "execution_count": 9,
     "metadata": {},
     "output_type": "execute_result"
    }
   ],
   "source": [
    "df.head(2)"
   ]
  },
  {
   "cell_type": "code",
   "execution_count": 10,
   "id": "550230c7",
   "metadata": {},
   "outputs": [
    {
     "name": "stdout",
     "output_type": "stream",
     "text": [
      "Final shape: (4532, 22)\n",
      "Final columns: ['price', 'bedrooms', 'bathrooms', 'sqft_living', 'sqft_lot', 'floors', 'waterfront', 'view', 'condition', 'sqft_above', 'sqft_basement', 'month', 'day', 'age_at_sale', 'was_renovated', 'years_since_renovation', 'total_sqft', 'is_Seattle', 'is_Renton', 'is_Bellevue', 'is_Redmond', 'is_Kirkland']\n"
     ]
    }
   ],
   "source": [
    "print(\"Final shape:\", df.shape)\n",
    "print(\"Final columns:\", df.columns.tolist())"
   ]
  },
  {
   "cell_type": "code",
   "execution_count": 11,
   "id": "5f312bdf",
   "metadata": {},
   "outputs": [
    {
     "name": "stdout",
     "output_type": "stream",
     "text": [
      "Data saved to data/interim/data_engineered.csv\n"
     ]
    }
   ],
   "source": [
    "import os\n",
